-20130211121327
-20130211122334
-20130211122545
-20130211122546
-20130211122557
-20130211122720
-20130211122724
-20130211122810
-20130211122827
-20130211122831
-20130211122833
-20130211122836
-20130211125941
-20130211125948
-20130211125949
-20130211125959
-20130211130011
-20130211130013
-20130211141812
-20130211141814
-20130211141828
-20130211141837
-20130211141840
-20130211141914
-20130211141915
-20130211141919
-20130211142447
-20130211142453
-20130211142502
-20130211142524
-20130211142540
-20130211142554
-20130211142606
-20130211142611
-20130211142617
-20130211142625
-20130211143029
-20130211151501
-20130211151515
-20130211151517
-20130211151539
-20130213004351
-20130213004356
-20130213004603
-20130213004607
-20130213004639
-20130213004653
-20130213004717
-20130213004722
-20130213004724
-20130213004748
-20130213004750
-20130213004800
-20130213004802
-20130213004804
-20130213005043
-20130213010512
-20130213010516
-20130213010518
-20130213010524
-20130213010525
-20130213010529
-20130213010538
-20130213124835
-20130213124841
-20130213125342
-20130213170129
-20130213170201
-20130213170430
-20130213170433
-20130213183312
-20130213183314
-20130213183740
-20130213183742
-20130213183749
-20130213183750
-20130213183802
-20130213200408
-20130213200410
-20130213200418
-20130213211311
-20130213211322
-20130213212100
-20130213212154
-20130213212203
